bt2.fb	bt2.fb	3831839	3831839	3831839	0	0	0
bt2.fb	bwa.fb	3831839	3826595	3736940	0.0470621655930112	1.47487286478028	1.34098386338712
bt2.fb	bwa.hc	3831839	3583492	3525508	0.0936585032275248	1.60858198787383	0.914168757427704
bt2.fb	bwa.pt	3831839	3652743	3555619	0.095023546925741	1.63558642799893	0.96495913247552
bt2.fb	bwa.st1	3831839	3612146	3575536	0.0757184597754811	1.49890802020163	1.20781570377518
bt2.fb	bwa.ug	3831839	3628793	3546239	0.0940513637746644	1.64336751693754	0.742233665372278
bt2.fb	mem.fb	3831839	3775292	3716548	0.044732370444224	1.49014017581373	1.49464922711058
bt2.fb	mem.hc	3831839	3612515	3557046	0.0849590513537903	1.59214225073106	0.882730296653316
bt2.fb	mem.pt	3831839	3631994	3568936	0.0836892477516094	1.63247854689643	0.850564930300807
bt2.fb	mem.st1-ZB	3831839	3797069	3700388	0.0580707238349302	1.52795246062424	1.02966368560272
bt2.fb	mem.st1	3831839	3621684	3593007	0.0692935866604361	1.4885332333052	1.24794230618484
bt2.fb	mem.ug	3831839	3619760	3564938	0.0827761927268676	1.60487790595538	0.868316123095798
bwa.fb	bt2.fb	3826595	3831839	3736940	0.0470621655930112	1.34098386338712	1.47487286478028
bwa.fb	bwa.fb	3826595	3826595	3826595	0	0	0
bwa.fb	bwa.hc	3826595	3583492	3530246	0.0901054965912262	1.56830492169828	0.882348782126065
bwa.fb	bwa.pt	3826595	3652743	3573859	0.0849114794881755	1.59314816904877	0.872572757916726
bwa.fb	bwa.st1	3826595	3612146	3587465	0.0684996349261907	1.44877269515529	1.10840594566889
bwa.fb	bwa.ug	3826595	3628793	3568218	0.082052495774561	1.64809215853071	0.639421905870254
bwa.fb	mem.fb	3826595	3775292	3717917	0.0427534198255908	1.42731110267349	1.60027192386132
bwa.fb	mem.hc	3826595	3612515	3554602	0.0849286447601602	1.55073945213958	0.922168010886521
bwa.fb	mem.pt	3826595	3631994	3570726	0.0815710327241469	1.59873652992616	0.873180873180873
bwa.fb	mem.st1-ZB	3826595	3797069	3699702	0.0571514199169105	1.47041759953276	1.06965671165905
bwa.fb	mem.st1	3826595	3621684	3587926	0.0705704892790893	1.45090367631957	1.37631986484584
bwa.fb	mem.ug	3826595	3619760	3567450	0.0802945676679372	1.56492863788428	0.870151228057631
bwa.hc	bt2.fb	3583492	3831839	3525508	0.0936585032275248	0.914168757427704	1.60858198787383
bwa.hc	bwa.fb	3583492	3826595	3530246	0.0901054965912262	0.882348782126065	1.56830492169828
bwa.hc	bwa.hc	3583492	3583492	3583492	0	0	0
bwa.hc	bwa.pt	3583492	3652743	3527771	0.0487244853934136	1.45099850444268	1.29487485539049
bwa.hc	bwa.st1	3583492	3612146	3512653	0.046248355613721	0.931059862610402	1.62993312362877
bwa.hc	bwa.ug	3583492	3628793	3511228	0.0512904826918364	1.48594722900685	1.1173345339937
bwa.hc	mem.fb	3583492	3775292	3518837	0.0836235500125392	0.960490008793475	1.63368421052632
bwa.hc	mem.hc	3583492	3612515	3556658	0.0227213713221788	1.60448413083568	1.67168890802124
bwa.hc	mem.pt	3583492	3631994	3518836	0.0481013890955324	1.44881263492785	1.37124117264936
bwa.hc	mem.st1-ZB	3583492	3797069	3546714	0.0748942250434094	1.32580787959274	1.53971554942379
bwa.hc	mem.st1	3583492	3621684	3506640	0.0518843131444442	0.96879723325221	1.67824467465953
bwa.hc	mem.ug	3583492	3619760	3515204	0.0468659843906587	1.34949251677275	1.42628733204929
bwa.pt	bt2.fb	3652743	3831839	3555619	0.095023546925741	0.96495913247552	1.63558642799893
bwa.pt	bwa.fb	3652743	3826595	3573859	0.0849114794881755	0.872572757916726	1.59314816904877
bwa.pt	bwa.hc	3652743	3583492	3527771	0.0487244853934136	1.29487485539049	1.45099850444268
bwa.pt	bwa.pt	3652743	3652743	3652743	0	0	0
bwa.pt	bwa.st1	3652743	3612146	3527326	0.0562497541847455	1.01091906105695	1.66897419760856
bwa.pt	bwa.ug	3652743	3628793	3559764	0.0435298024704361	1.36587786259542	1.02930973659454
bwa.pt	mem.fb	3652743	3775292	3541452	0.0888006251249491	1.039903220485	1.68109793849893
bwa.pt	mem.hc	3652743	3612515	3516909	0.0617445173861879	1.31589177024193	1.54779480346436
bwa.pt	mem.pt	3652743	3631994	3568526	0.0397407466906481	1.41773605489048	1.59720915005934
bwa.pt	mem.st1-ZB	3652743	3797069	3577302	0.0762316946889743	1.31613041876458	1.62869753477746
bwa.pt	mem.st1	3652743	3621684	3512670	0.0662156008482206	1.06044247006561	1.7135460745756
bwa.pt	mem.ug	3652743	3619760	3538494	0.0523606129497813	1.31972954863861	1.57692795535261
bwa.st1	bt2.fb	3612146	3831839	3575536	0.0757184597754811	1.20781570377518	1.49890802020163
bwa.st1	bwa.fb	3612146	3826595	3587465	0.0684996349261907	1.10840594566889	1.44877269515529
bwa.st1	bwa.hc	3612146	3583492	3512653	0.046248355613721	1.62993312362877	0.931059862610402
bwa.st1	bwa.pt	3612146	3652743	3527326	0.0562497541847455	1.66897419760856	1.01091906105695
bwa.st1	bwa.st1	3612146	3612146	3612146	0	0	0
bwa.st1	bwa.ug	3612146	3628793	3519619	0.0542014661464212	1.65584546054709	0.814425793584843
bwa.st1	mem.fb	3612146	3775292	3564920	0.0673896107225656	1.31613536047082	1.51526817953562
bwa.st1	mem.hc	3612146	3612515	3517715	0.0510476818383651	1.61704958013469	1.0818692902319
bwa.st1	mem.pt	3612146	3631994	3525051	0.0521735295928654	1.63668563816905	1.0096023752255
bwa.st1	mem.st1-ZB	3612146	3797069	3573992	0.0681136403280852	1.39826513294362	1.28710130514574
bwa.st1	mem.st1	3612146	3621684	3574589	0.0231337591593448	1.55768183056388	1.6963815412802
bwa.st1	mem.ug	3612146	3619760	3525399	0.0488621767070722	1.54763582966226	1.01011865453848
bwa.ug	bt2.fb	3628793	3831839	3546239	0.0940513637746644	0.742233665372278	1.64336751693754
bwa.ug	bwa.fb	3628793	3826595	3568218	0.082052495774561	0.639421905870254	1.64809215853071
bwa.ug	bwa.hc	3628793	3583492	3511228	0.0512904826918364	1.1173345339937	1.48594722900685
bwa.ug	bwa.pt	3628793	3652743	3559764	0.0435298024704361	1.02930973659454	1.36587786259542
bwa.ug	bwa.st1	3628793	3612146	3519619	0.0542014661464212	0.814425793584843	1.65584546054709
bwa.ug	bwa.ug	3628793	3628793	3628793	0	0	0
bwa.ug	mem.fb	3628793	3775292	3537561	0.0850797770814302	0.798738170347003	1.6819833032491
bwa.ug	mem.hc	3628793	3612515	3506181	0.0612953722858687	1.13286482161184	1.55420239725205
bwa.ug	mem.pt	3628793	3631994	3534914	0.0512521494962389	1.13288651596047	1.49607898593577
bwa.ug	mem.st1-ZB	3628793	3797069	3577384	0.0704418733847511	0.900377051604318	1.63585098086268
bwa.ug	mem.st1	3628793	3621684	3506109	0.0636312990603488	0.877682206373014	1.70117091639984
bwa.ug	mem.ug	3628793	3619760	3556800	0.036555262499956	1.0117081621818	1.69739942590292
mem.fb	bt2.fb	3775292	3831839	3716548	0.044732370444224	1.49464922711058	1.49014017581373
mem.fb	bwa.fb	3775292	3826595	3717917	0.0427534198255908	1.60027192386132	1.42731110267349
mem.fb	bwa.hc	3775292	3583492	3518837	0.0836235500125392	1.63368421052632	0.960490008793475
mem.fb	bwa.pt	3775292	3652743	3541452	0.0888006251249491	1.68109793849893	1.039903220485
mem.fb	bwa.st1	3775292	3612146	3564920	0.0673896107225656	1.51526817953562	1.31613536047082
mem.fb	bwa.ug	3775292	3628793	3537561	0.0850797770814302	1.6819833032491	0.798738170347003
mem.fb	mem.fb	3775292	3775292	3775292	0	0	0
mem.fb	mem.hc	3775292	3612515	3555114	0.0724240110021857	1.6141334029872	0.886825323778844
mem.fb	mem.pt	3775292	3631994	3572220	0.0685375427697985	1.67340705634545	0.816894130520684
mem.fb	mem.st1-ZB	3775292	3797069	3719872	0.0344237193149676	1.50735194317513	0.907464604284549
mem.fb	mem.st1	3775292	3621684	3598354	0.0527212236437319	1.48194697713564	1.1575880884121
mem.fb	mem.ug	3775292	3619760	3572128	0.065603187507782	1.63036329267977	0.773013214219244
mem.hc	bt2.fb	3612515	3831839	3557046	0.0849590513537903	0.882730296653316	1.59214225073106
mem.hc	bwa.fb	3612515	3826595	3554602	0.0849286447601602	0.922168010886521	1.55073945213958
mem.hc	bwa.hc	3612515	3583492	3556658	0.0227213713221788	1.67168890802124	1.60448413083568
mem.hc	bwa.pt	3612515	3652743	3516909	0.0617445173861879	1.54779480346436	1.31589177024193
mem.hc	bwa.st1	3612515	3612146	3517715	0.0510476818383651	1.0818692902319	1.61704958013469
mem.hc	bwa.ug	3612515	3628793	3506181	0.0612953722858687	1.55420239725205	1.13286482161184
mem.hc	mem.fb	3612515	3775292	3555114	0.0724240110021857	0.886825323778844	1.6141334029872
mem.hc	mem.hc	3612515	3612515	3612515	0	0	0
mem.hc	mem.pt	3612515	3631994	3553370	0.0373242514031576	1.44441229955365	1.25167535368578
mem.hc	mem.st1-ZB	3612515	3797069	3582844	0.0637346671056827	1.24118135810862	1.5083426028921
mem.hc	mem.st1	3612515	3621684	3540623	0.0414105463106756	0.929106179730056	1.65026482704505
mem.hc	mem.ug	3612515	3619760	3543777	0.0392357539573018	1.36026508258078	1.33463405641246
mem.pt	bt2.fb	3631994	3831839	3568936	0.0836892477516094	0.850564930300807	1.63247854689643
mem.pt	bwa.fb	3631994	3826595	3570726	0.0815710327241469	0.873180873180873	1.59873652992616
mem.pt	bwa.hc	3631994	3583492	3518836	0.0481013890955324	1.37124117264936	1.44881263492785
mem.pt	bwa.pt	3631994	3652743	3568526	0.0397407466906481	1.59720915005934	1.41773605489048
mem.pt	bwa.st1	3631994	3612146	3525051	0.0521735295928654	1.0096023752255	1.63668563816905
mem.pt	bwa.ug	3631994	3628793	3534914	0.0512521494962389	1.49607898593577	1.13288651596047
mem.pt	mem.fb	3631994	3775292	3572220	0.0685375427697985	0.816894130520684	1.67340705634545
mem.pt	mem.hc	3631994	3612515	3553370	0.0373242514031576	1.25167535368578	1.44441229955365
mem.pt	mem.pt	3631994	3631994	3631994	0	0	0
mem.pt	mem.st1-ZB	3631994	3797069	3609891	0.0547974796631312	1.15009727626459	1.60998940264376
mem.pt	mem.st1	3631994	3621684	3545659	0.0437861834041303	0.888176887411425	1.68449858757062
mem.pt	mem.ug	3631994	3619760	3574391	0.0280015870067764	1.24985353278913	1.47904486093656
mem.st1-ZB	bt2.fb	3797069	3831839	3700388	0.0580707238349302	1.02966368560272	1.52795246062424
mem.st1-ZB	bwa.fb	3797069	3826595	3699702	0.0571514199169105	1.06965671165905	1.47041759953276
mem.st1-ZB	bwa.hc	3797069	3583492	3546714	0.0748942250434094	1.53971554942379	1.32580787959274
mem.st1-ZB	bwa.pt	3797069	3652743	3577302	0.0762316946889743	1.62869753477746	1.31613041876458
mem.st1-ZB	bwa.st1	3797069	3612146	3573992	0.0681136403280852	1.28710130514574	1.39826513294362
mem.st1-ZB	bwa.ug	3797069	3628793	3577384	0.0704418733847511	1.63585098086268	0.900377051604318
mem.st1-ZB	mem.fb	3797069	3775292	3719872	0.0344237193149676	0.907464604284549	1.50735194317513
mem.st1-ZB	mem.hc	3797069	3612515	3582844	0.0637346671056827	1.5083426028921	1.24118135810862
mem.st1-ZB	mem.pt	3797069	3631994	3609891	0.0547974796631312	1.60998940264376	1.15009727626459
mem.st1-ZB	mem.st1-ZB	3797069	3797069	3797069	0	0	0
mem.st1-ZB	mem.st1	3797069	3621684	3608055	0.0531773968968414	1.22502913512814	1.23426229508197
mem.st1-ZB	mem.ug	3797069	3619760	3613804	0.0497553920891921	1.57282643792731	1.38621794871795
mem.st1	bt2.fb	3621684	3831839	3593007	0.0692935866604361	1.24794230618484	1.4885332333052
mem.st1	bwa.fb	3621684	3826595	3587926	0.0705704892790893	1.37631986484584	1.45090367631957
mem.st1	bwa.hc	3621684	3583492	3506640	0.0518843131444442	1.67824467465953	0.96879723325221
mem.st1	bwa.pt	3621684	3652743	3512670	0.0662156008482206	1.7135460745756	1.06044247006561
mem.st1	bwa.st1	3621684	3612146	3574589	0.0231337591593448	1.6963815412802	1.55768183056388
mem.st1	bwa.ug	3621684	3628793	3506109	0.0636312990603488	1.70117091639984	0.877682206373014
mem.st1	mem.fb	3621684	3775292	3598354	0.0527212236437319	1.1575880884121	1.48194697713564
mem.st1	mem.hc	3621684	3612515	3540623	0.0414105463106756	1.65026482704505	0.929106179730056
mem.st1	mem.pt	3621684	3631994	3545659	0.0437861834041303	1.68449858757062	0.888176887411425
mem.st1	mem.st1-ZB	3621684	3797069	3608055	0.0531773968968414	1.23426229508197	1.22502913512814
mem.st1	mem.st1	3621684	3621684	3621684	0	0	0
mem.st1	mem.ug	3621684	3619760	3544902	0.0410221228380471	1.58664600458159	0.881043320936778
mem.ug	bt2.fb	3619760	3831839	3564938	0.0827761927268676	0.868316123095798	1.60487790595538
mem.ug	bwa.fb	3619760	3826595	3567450	0.0802945676679372	0.870151228057631	1.56492863788428
mem.ug	bwa.hc	3619760	3583492	3515204	0.0468659843906587	1.42628733204929	1.34949251677275
mem.ug	bwa.pt	3619760	3652743	3538494	0.0523606129497813	1.57692795535261	1.31972954863861
mem.ug	bwa.st1	3619760	3612146	3525399	0.0488621767070722	1.01011865453848	1.54763582966226
mem.ug	bwa.ug	3619760	3628793	3556800	0.036555262499956	1.69739942590292	1.0117081621818
mem.ug	mem.fb	3619760	3775292	3572128	0.065603187507782	0.773013214219244	1.63036329267977
mem.ug	mem.hc	3619760	3612515	3543777	0.0392357539573018	1.33463405641246	1.36026508258078
mem.ug	mem.pt	3619760	3631994	3574391	0.0280015870067764	1.47904486093656	1.24985353278913
mem.ug	mem.st1-ZB	3619760	3797069	3613804	0.0497553920891921	1.38621794871795	1.57282643792731
mem.ug	mem.st1	3619760	3621684	3544902	0.0410221228380471	0.881043320936778	1.58664600458159
mem.ug	mem.ug	3619760	3619760	3619760	0	0	0
